1,11,0.05
2,11,0.05
3,11,0.05
4,11,0.05
5,11,0.05
6,11,0.05
7,11,0.05
8,11,0.05
9,11,0.05
10,11,0.05
11,11,0.05
12,11,0.05
13,11,0.05
14,11,0.05
15,11,0.05
16,11,0.05
17,11,0.05
18,11,0.05
19,11,0.05
20,11,0.05
21,11,0.05
22,11,0.05
23,11,0.05
24,11,0.05
25,11,0.05
26,11,0.05
27,11,0.05
28,11,0.05
29,11,0.05
30,11,0.05
31,11,0.05
32,11,0.05
33,11,0.05
34,11,0.05
35,11,0.05
36,11,0.05
37,11,0.05
38,11,0.05
39,11,0.05
40,11,0.05
41,11,0.05
42,11,0.05
43,11,0.05
44,11,0.05
45,11,0.05
46,11,0.05
47,11,0.05
48,11,0.05
49,11,0.05
50,11,0.05
51,11,0.05
52,11,0.05
53,11,0.05
54,11,0.05
55,11,0.05
56,11,0.05
57,11,0.05
58,11,0.05
59,11,0.05
60,11,0.05
61,11,0.05
62,11,0.05
63,11,0.05
64,11,0.05
65,11,0.05
66,11,0.05
67,11,0.05
68,11,0.05
69,11,0.05
70,11,0.05
71,11,0.05
72,11,0.05
73,11,0.05
74,11,0.05
75,11,0.05
76,11,0.05
77,11,0.05
78,11,0.05
79,11,0.05
80,11,0.05
81,11,0.05
82,11,0.05
83,11,0.05
84,11,0.05
85,11,0.05
86,11,0.05
87,11,0.05
88,11,0.05
89,11,0.05
90,11,0.05
91,11,0.05
92,11,0.05
93,11,0.05
94,11,0.05
95,11,0.05
96,11,0.05
97,11,0.05
98,11,0.05
99,11,0.05
100,11,0.05
101,11,0.05
102,11,0.05
103,11,0.05
104,11,0.05
105,11,0.05
106,11,0.05
107,11,0.05
108,11,0.05
109,11,0.05
110,11,0.05
111,11,0.05
112,11,0.05
113,11,0.05
114,11,0.05
115,11,0.05
116,11,0.05
117,11,0.05
118,11,0.05
119,11,0.05
120,11,0.05
121,11,0.05
122,11,0.05
123,11,0.05
124,11,0.05
125,11,0.05
1,109,1.0
2,109,1.0
3,109,1.0
4,109,1.0
5,109,1.0
6,109,1.0
7,109,1.0
8,109,1.0
9,109,1.0
10,109,1.0
11,109,1.0
12,109,1.0
13,109,1.0
14,109,1.0
15,109,1.0
16,109,1.0
17,109,1.0
18,109,1.0
19,109,1.0
20,109,1.0
21,109,1.0
22,109,1.0
23,109,1.0
24,109,1.0
25,109,1.0
26,109,1.0
27,109,1.0
28,109,1.0
29,109,1.0
30,109,1.0
31,109,1.0
32,109,1.0
33,109,1.0
34,109,1.0
35,109,1.0
36,109,1.0
37,109,1.0
38,109,1.0
39,109,1.0
40,109,1.0
41,109,1.0
42,109,1.0
43,109,1.0
44,109,1.0
45,109,1.0
46,109,1.0
47,109,1.0
48,109,1.0
49,109,1.0
50,109,1.0
51,109,1.0
52,109,1.0
53,109,1.0
54,109,1.0
55,109,1.0
56,109,1.0
57,109,1.0
58,109,1.0
59,109,1.0
60,109,1.0
61,109,1.0
62,109,1.0
63,109,1.0
64,109,1.0
65,109,1.0
66,109,1.0
67,109,1.0
68,109,1.0
69,109,1.0
70,109,1.0
71,109,1.0
72,109,1.0
73,109,1.0
74,109,1.0
75,109,1.0
76,109,1.0
77,109,1.0
78,109,1.0
79,109,1.0
80,109,1.0
81,109,1.0
82,109,1.0
83,109,1.0
84,109,1.0
85,109,1.0
86,109,1.0
87,109,1.0
88,109,1.0
89,109,1.0
90,109,1.0
91,109,1.0
92,109,1.0
93,109,1.0
94,109,1.0
95,109,1.0
96,109,1.0
97,109,1.0
98,109,1.0
99,109,1.0
100,109,1.0
101,109,1.0
102,109,1.0
103,109,1.0
104,109,1.0
105,109,1.0
106,109,1.0
107,109,1.0
108,109,1.0
109,109,1.0
110,109,1.0
111,109,1.0
112,109,1.0
113,109,1.0
114,109,1.0
115,109,1.0
116,109,1.0
117,109,1.0
118,109,1.0
119,109,1.0
120,109,1.0
121,109,1.0
122,109,1.0
123,109,1.0
124,109,1.0
125,109,1.0
1,58,1.0
2,58,1.0
3,58,1.0
4,58,1.0
5,58,1.0
6,58,1.0
7,58,1.0
8,58,1.0
9,58,1.0
10,58,1.0
11,58,1.0
12,58,1.0
13,58,1.0
14,58,1.0
15,58,1.0
16,58,1.0
17,58,1.0
18,58,1.0
19,58,1.0
20,58,1.0
21,58,1.0
22,58,1.0
23,58,1.0
24,58,1.0
25,58,1.0
26,58,1.0
27,58,1.0
28,58,1.0
29,58,1.0
30,58,1.0
31,58,1.0
32,58,1.0
33,58,1.0
34,58,1.0
35,58,1.0
36,58,1.0
37,58,1.0
38,58,1.0
39,58,1.0
40,58,1.0
41,58,1.0
42,58,1.0
43,58,1.0
44,58,1.0
45,58,1.0
46,58,1.0
47,58,1.0
48,58,1.0
49,58,1.0
50,58,1.0
51,58,1.0
52,58,1.0
53,58,1.0
54,58,1.0
55,58,1.0
56,58,1.0
57,58,1.0
58,58,1.0
59,58,1.0
60,58,1.0
61,58,1.0
62,58,1.0
63,58,1.0
64,58,1.0
65,58,1.0
66,58,1.0
67,58,1.0
68,58,1.0
69,58,1.0
70,58,1.0
71,58,1.0
72,58,1.0
73,58,1.0
74,58,1.0
75,58,1.0
76,58,1.0
77,58,1.0
78,58,1.0
79,58,1.0
80,58,1.0
81,58,1.0
82,58,1.0
83,58,1.0
84,58,1.0
85,58,1.0
86,58,1.0
87,58,1.0
88,58,1.0
89,58,1.0
90,58,1.0
91,58,1.0
92,58,1.0
93,58,1.0
94,58,1.0
95,58,1.0
96,58,1.0
97,58,1.0
98,58,1.0
99,58,1.0
100,58,1.0
101,58,1.0
102,58,1.0
103,58,1.0
104,58,1.0
105,58,1.0
106,58,1.0
107,58,1.0
108,58,1.0
109,58,1.0
110,58,1.0
111,58,1.0
112,58,1.0
113,58,1.0
114,58,1.0
115,58,1.0
116,58,1.0
117,58,1.0
118,58,1.0
119,58,1.0
120,58,1.0
121,58,1.0
122,58,1.0
123,58,1.0
124,58,1.0
125,58,1.0
1,110,1.0
2,110,1.0
3,110,1.0
4,110,1.0
5,110,1.0
6,110,1.0
7,110,1.0
8,110,1.0
9,110,1.0
10,110,1.0
11,110,1.0
12,110,1.0
13,110,1.0
14,110,1.0
15,110,1.0
16,110,1.0
17,110,1.0
18,110,1.0
19,110,1.0
20,110,1.0
21,110,1.0
22,110,1.0
23,110,1.0
24,110,1.0
25,110,1.0
26,110,1.0
27,110,1.0
28,110,1.0
29,110,1.0
30,110,1.0
31,110,1.0
32,110,1.0
33,110,1.0
34,110,1.0
35,110,1.0
36,110,1.0
37,110,1.0
38,110,1.0
39,110,1.0
40,110,1.0
41,110,1.0
42,110,1.0
43,110,1.0
44,110,1.0
45,110,1.0
46,110,1.0
47,110,1.0
48,110,1.0
49,110,1.0
50,110,1.0
51,110,1.0
52,110,1.0
53,110,1.0
54,110,1.0
55,110,1.0
56,110,1.0
57,110,1.0
58,110,1.0
59,110,1.0
60,110,1.0
61,110,1.0
62,110,1.0
63,110,1.0
64,110,1.0
65,110,1.0
66,110,1.0
67,110,1.0
68,110,1.0
69,110,1.0
70,110,1.0
71,110,1.0
72,110,1.0
73,110,1.0
74,110,1.0
75,110,1.0
76,110,1.0
77,110,1.0
78,110,1.0
79,110,1.0
80,110,1.0
81,110,1.0
82,110,1.0
83,110,1.0
84,110,1.0
85,110,1.0
86,110,1.0
87,110,1.0
88,110,1.0
89,110,1.0
90,110,1.0
91,110,1.0
92,110,1.0
93,110,1.0
94,110,1.0
95,110,1.0
96,110,1.0
97,110,1.0
98,110,1.0
99,110,1.0
100,110,1.0
101,110,1.0
102,110,1.0
103,110,1.0
104,110,1.0
105,110,1.0
106,110,1.0
107,110,1.0
108,110,1.0
109,110,1.0
110,110,1.0
111,110,1.0
112,110,1.0
113,110,1.0
114,110,1.0
115,110,1.0
116,110,1.0
117,110,1.0
118,110,1.0
119,110,1.0
120,110,1.0
121,110,1.0
122,110,1.0
123,110,1.0
124,110,1.0
125,110,1.0
1,96,1.0
2,96,1.0
3,96,1.0
4,96,1.0
5,96,1.0
6,96,1.0
7,96,1.0
8,96,1.0
9,96,1.0
10,96,1.0
11,96,1.0
12,96,1.0
13,96,1.0
14,96,1.0
15,96,1.0
16,96,1.0
17,96,1.0
18,96,1.0
19,96,1.0
20,96,1.0
21,96,1.0
22,96,1.0
23,96,1.0
24,96,1.0
25,96,1.0
26,96,1.0
27,96,1.0
28,96,1.0
29,96,1.0
30,96,1.0
31,96,1.0
32,96,1.0
33,96,1.0
34,96,1.0
35,96,1.0
36,96,1.0
37,96,1.0
38,96,1.0
39,96,1.0
40,96,1.0
41,96,1.0
42,96,1.0
43,96,1.0
44,96,1.0
45,96,1.0
46,96,1.0
47,96,1.0
48,96,1.0
49,96,1.0
50,96,1.0
51,96,1.0
52,96,1.0
53,96,1.0
54,96,1.0
55,96,1.0
56,96,1.0
57,96,1.0
58,96,1.0
59,96,1.0
60,96,1.0
61,96,1.0
62,96,1.0
63,96,1.0
64,96,1.0
65,96,1.0
66,96,1.0
67,96,1.0
68,96,1.0
69,96,1.0
70,96,1.0
71,96,1.0
72,96,1.0
73,96,1.0
74,96,1.0
75,96,1.0
76,96,1.0
77,96,1.0
78,96,1.0
79,96,1.0
80,96,1.0
81,96,1.0
82,96,1.0
83,96,1.0
84,96,1.0
85,96,1.0
86,96,1.0
87,96,1.0
88,96,1.0
89,96,1.0
90,96,1.0
91,96,1.0
92,96,1.0
93,96,1.0
94,96,1.0
95,96,1.0
96,96,1.0
97,96,1.0
98,96,1.0
99,96,1.0
100,96,1.0
101,96,1.0
102,96,1.0
103,96,1.0
104,96,1.0
105,96,1.0
106,96,1.0
107,96,1.0
108,96,1.0
109,96,1.0
110,96,1.0
111,96,1.0
112,96,1.0
113,96,1.0
114,96,1.0
115,96,1.0
116,96,1.0
117,96,1.0
118,96,1.0
119,96,1.0
120,96,1.0
121,96,1.0
122,96,1.0
123,96,1.0
124,96,1.0
125,96,1.0
1,17,1.0
2,17,1.0
3,17,1.0
4,17,1.0
5,17,1.0
6,17,1.0
7,17,1.0
8,17,1.0
9,17,1.0
10,17,1.0
11,17,1.0
12,17,1.0
13,17,1.0
14,17,1.0
15,17,1.0
16,17,1.0
17,17,1.0
18,17,1.0
19,17,1.0
20,17,1.0
21,17,1.0
22,17,1.0
23,17,1.0
24,17,1.0
25,17,1.0
26,17,1.0
27,17,1.0
28,17,1.0
29,17,1.0
30,17,1.0
31,17,1.0
32,17,1.0
33,17,1.0
34,17,1.0
35,17,1.0
36,17,1.0
37,17,1.0
38,17,1.0
39,17,1.0
40,17,1.0
41,17,1.0
42,17,1.0
43,17,1.0
44,17,1.0
45,17,1.0
46,17,1.0
47,17,1.0
48,17,1.0
49,17,1.0
50,17,1.0
51,17,1.0
52,17,1.0
53,17,1.0
54,17,1.0
55,17,1.0
56,17,1.0
57,17,1.0
58,17,1.0
59,17,1.0
60,17,1.0
61,17,1.0
62,17,1.0
63,17,1.0
64,17,1.0
65,17,1.0
66,17,1.0
67,17,1.0
68,17,1.0
69,17,1.0
70,17,1.0
71,17,1.0
72,17,1.0
73,17,1.0
74,17,1.0
75,17,1.0
76,17,1.0
77,17,1.0
78,17,1.0
79,17,1.0
80,17,1.0
81,17,1.0
82,17,1.0
83,17,1.0
84,17,1.0
85,17,1.0
86,17,1.0
87,17,1.0
88,17,1.0
89,17,1.0
90,17,1.0
91,17,1.0
92,17,1.0
93,17,1.0
94,17,1.0
95,17,1.0
96,17,1.0
97,17,1.0
98,17,1.0
99,17,1.0
100,17,1.0
101,17,1.0
102,17,1.0
103,17,1.0
104,17,1.0
105,17,1.0
106,17,1.0
107,17,1.0
108,17,1.0
109,17,1.0
110,17,1.0
111,17,1.0
112,17,1.0
113,17,1.0
114,17,1.0
115,17,1.0
116,17,1.0
117,17,1.0
118,17,1.0
119,17,1.0
120,17,1.0
121,17,1.0
122,17,1.0
123,17,1.0
124,17,1.0
125,17,1.0
1,18,1.0
2,18,1.0
3,18,1.0
4,18,1.0
5,18,1.0
6,18,1.0
7,18,1.0
8,18,1.0
9,18,1.0
10,18,1.0
11,18,1.0
12,18,1.0
13,18,1.0
14,18,1.0
15,18,1.0
16,18,1.0
17,18,1.0
18,18,1.0
19,18,1.0
20,18,1.0
21,18,1.0
22,18,1.0
23,18,1.0
24,18,1.0
25,18,1.0
26,18,1.0
27,18,1.0
28,18,1.0
29,18,1.0
30,18,1.0
31,18,1.0
32,18,1.0
33,18,1.0
34,18,1.0
35,18,1.0
36,18,1.0
37,18,1.0
38,18,1.0
39,18,1.0
40,18,1.0
41,18,1.0
42,18,1.0
43,18,1.0
44,18,1.0
45,18,1.0
46,18,1.0
47,18,1.0
48,18,1.0
49,18,1.0
50,18,1.0
51,18,1.0
52,18,1.0
53,18,1.0
54,18,1.0
55,18,1.0
56,18,1.0
57,18,1.0
58,18,1.0
59,18,1.0
60,18,1.0
61,18,1.0
62,18,1.0
63,18,1.0
64,18,1.0
65,18,1.0
66,18,1.0
67,18,1.0
68,18,1.0
69,18,1.0
70,18,1.0
71,18,1.0
72,18,1.0
73,18,1.0
74,18,1.0
75,18,1.0
76,18,1.0
77,18,1.0
78,18,1.0
79,18,1.0
80,18,1.0
81,18,1.0
82,18,1.0
83,18,1.0
84,18,1.0
85,18,1.0
86,18,1.0
87,18,1.0
88,18,1.0
89,18,1.0
90,18,1.0
91,18,1.0
92,18,1.0
93,18,1.0
94,18,1.0
95,18,1.0
96,18,1.0
97,18,1.0
98,18,1.0
99,18,1.0
100,18,1.0
101,18,1.0
102,18,1.0
103,18,1.0
104,18,1.0
105,18,1.0
106,18,1.0
107,18,1.0
108,18,1.0
109,18,1.0
110,18,1.0
111,18,1.0
112,18,1.0
113,18,1.0
114,18,1.0
115,18,1.0
116,18,1.0
117,18,1.0
118,18,1.0
119,18,1.0
120,18,1.0
121,18,1.0
122,18,1.0
123,18,1.0
124,18,1.0
125,18,1.0